 401
5729.04
0.571677
1.44559
0.571677
5.72098
0.571677
0.571677
1.44559
0.571677
1.44559
25.6833
0.571677
1.44559
0.571677
1.44559
0.571677
5.72098
0.571677
1.44559
0.571677
5.72098
0.571677
118.056
0.571677
0.571677
1.44559
1.44559
0.571677
5.72098
0.571677
0.571677
5.72098
0.571677
0.571677
1.44559
5.72098
0.571677
0.571677
25.6833
0.571677
0.571677
1.44559
1.44559
1.44559
25.6833
0.571677
0.571677
1.44559
1.44559
0.571677
1.44559
118.056
0.571677
0.571677
1.44559
1.44559
0.571677
5.72098
0.571677
0.571677
5.72098
0.571677
1.44559
5.72098
0.571677
0.571677
532.541
0.571677
0.571677
1.44559
1.44559
0.571677
5.72098
0.571677
0.571677
5.72098
0.571677
0.571677
5.72098
0.571677
0.571677
1.44559
25.6833
0.571677
0.571677
1.44559
1.44559
1.44559
5.72098
0.571677
0.571677
25.6833
0.571677
0.571677
1.44559
0.571677
1.44559
1.44559
25.6833
0.571677
0.571677
1.44559
1.44559
1.44559
0.571677
25.6833
0.571677
1.44559
0.571677
1.44559
0.571677
118.056
0.571677
1.44559
1.44559
0.571677
1.44559
0.571677
5.72098
0.571677
1.44559
0.571677
5.72098
0.571677
5.72098
0.571677
0.571677
532.541
0.571677
1.44559
0.571677
1.44559
5.72098
0.571677
0.571677
5.72098
0.571677
0.571677
1.44559
5.72098
0.571677
0.571677
25.6833
0.571677
0.571677
1.44559
1.44559
1.44559
0.571677
25.6833
0.571677
1.44559
0.571677
1.44559
1.44559
0.571677
2152.82
0.571677
1.44559
0.571677
1.44559
5.72098
0.571677
0.571677
5.72098
0.571677
1.44559
0.571677
5.72098
0.571677
25.6833
0.571677
0.571677
1.44559
0.571677
1.44559
25.6833
0.571677
1.44559
0.571677
1.44559
0.571677
1.44559
25.6833
0.571677
0.571677
1.44559
1.44559
0.571677
1.44559
0.571677
25.6833
0.571677
1.44559
0.571677
1.44559
1.44559
0.571677
118.056
0.571677
1.44559
0.571677
1.44559
0.571677
5.72098
0.571677
1.44559
0.571677
5.72098
0.571677
5.72098
0.571677
0.571677
118.056
0.571677
1.44559
1.44559
0.571677
1.44559
0.571677
5.72098
0.571677
5.72098
0.571677
0.571677
5.72098
0.571677
532.541
0.571677
1.44559
0.571677
1.44559
0.571677
1.44559
5.72098
0.571677
0.571677
5.72098
0.571677
5.72098
0.571677
0.571677
1.44559
25.6833
0.571677
0.571677
1.44559
1.44559
0.571677
1.44559
0.571677
5.72098
0.571677
25.6833
0.571677
1.44559
0.571677
1.44559
0.571677
532.541
0.571677
1.44559
0.571677
1.44559
1.44559
0.571677
5.72098
0.571677
5.72098
0.571677
0.571677
25.6833
0.571677
1.44559
0.571677
1.44559
0.571677
1.44559
5.72098
0.571677
0.571677
25.6833
0.571677
1.44559
0.571677
1.44559
1.44559
0.571677
25.6833
0.571677
1.44559
0.571677
1.44559
0.571677
118.056
0.571677
1.44559
1.44559
0.571677
1.44559
0.571677
5.72098
0.571677
1.44559
0.571677
5.72098
0.571677
118.056
0.571677
0.571677
1.44559
1.44559
0.571677
5.72098
0.571677
1.44559
0.571677
5.72098
0.571677
118.056
0.571677
0.571677
1.44559
1.44559
0.571677
5.72098
0.571677
0.571677
5.72098
0.571677
1.44559
0.571677
118.056
0.571677
1.44559
0.571677
1.44559
5.72098
0.571677
0.571677
5.72098
0.571677
1.44559
0.571677
5.72098
0.571677
25.6833
0.571677
0.571677
1.44559
1.44559
0.571677
25.6833
0.571677
1.44559
0.571677
1.44559
25.6833
0.571677
0.571677
1.44559
1.44559
0.571677
25.6833
0.571677
1.44559
0.571677
1.44559
0.571677
5.72098
0.571677
5.72098
0.571677
5.72098
0.571677
5.72098
0.571677
5.72098
0.571677
0.571677
5.72098
0.571677
0.571677
5.72098
0.571677
1.44559
1.44559
1.44559
1.44559
1.44559
0.571677
1.44559
1.44559
1.44559
0.571677
0.571677
0.571677
0.571677
0.571677
0.571677
0.571677

